7
11
3
3
3
3
11
6
6
3
3
10
2
6
9
2
3
6
6
3
9
6
2
2
3
9
11
17
9
3
3
2
2
9
17
6
6
3
7
9
3
3
3
10
9
2
3
3
3
6
2
3
6
6
3
5
3
6
2
2
9
2
11
3
3
9
2
2
3
2
6
6
2
11
16
3
2
4
2
6
3
2
3
2
3
3
11
3
2
2
6
3
2
3
2
6
17
2
3
11
6
12
6
2
3
3
3
2
6
6
6
9
6
6
11
10
6
3
6
6
3
3
12
2
2
3
2
6
3
3
12
3
2
2
3
3
12
2
6
2
6
4
2
2
6
2
2
6
9
9
11
17
7
13
9
17
6
17
9
11
9
17
9
6
9
6
12
7
6
13
9
6
6
12
12
11
9
6
4
10
6
6
8
6
6
7
6
11
17
6
6
8
9
11
17
9
11
8
16
9
9
11
14
8
10
9
9
5
11
10
9
9
9
12
9
9
17
17
17
5
7
8
9
7
11
4
7
11
9
7
7
8
12
9
11
7
7
9
7
7
8
7
9
9
7
9
13
4
14
12
9
16
11
11
17
5
7
10
9
11
13
12
17
9
9
9
12
12
10
12
11
5
9
9
5
10
11
14
14
14
11
5
5
14
5
11
17
8
17
10
10
13
10
10
11
10
11
10
11
7
7
7
7
11
11
7
7
17
17
4
17
14
17
17
12
17
5
4
11
11
17
12
12
17
11
14
11
12
11
17
7
17
5
10
12
12
12
12
12
10
15
8
12
12
17
7
17
17
17
17
17
10
8
7
17
10
8
10
12
13
13
8
10
7
10
12
5
10
12
16
14
1
14
13
8
7
5
7
12
17
17
17
5
17
17
14
13
13
13
12
12
12
12
12
12
13
10
10
7
10
7
16
10
10
7
10
10
10
10
7
7
7
10
7
7
7
10
7
7
1
7
16
10
13
5
14
14
5
14
14
14
14
13
17
16
5
17
13
13
17
10
10
10
14
5
16
13
13
13
16
16
13
13
13
13
14
10
13
8
8
14
8
15
8
5
8
5
8
13
5
5
1
14
8
5
13
8
14
8
14
1
16
8
1
5
5
8
16
1
5
5
13
8
8
8
16
13
14
5
15
8
5
8
8
13
13
14
16
14
5
13
5
15
15
15
16
15
8
14
14
13
5
16
8
16
8
14
14
8
8
15
15
14
16
16
13
16
14
5
16
15
16
15
16
15
5
15
15
15
5
16
5
13
16
14
14
16
16
13
14
16
14
1
13
15
15
15
15
15
15
15
15
15
15
1
16
15
16
16
1
13
16
1
14
1
14
13
14
13
15
16
14
14
1
14
15
15
15
15
15
15
15
15
15
15
1
15
15
15
1
1
1
1
1
1
1
1
